12345
21345
31245
13245
23145
32145
42315
24315
34215
43215
23415
32415
41325
14325
34125
43125
13425
31425
41235
14235
24135
42135
12435
21435
51234
15234
25134
52134
12534
21534
31254
13254
23154
32154
12354
21354
35214
53214
23514
32514
52314
25314
35124
53124
13524
31524
51324
15324
45123
54123
14523
41523
51423
15423
25143
52143
12543
21543
51243
15243
24153
42153
12453
21453
41253
14253
24513
42513
52413
25413
45213
54213
34512
43512
53412
35412
45312
54312
14532
41532
51432
15432
45132
54132
13542
31542
51342
15342
35142
53142
13452
31452
41352
14352
34152
43152
23451
32451
42351
24351
34251
43251
53421
35421
45321
54321
34521
43521
52431
25431
45231
54231
24531
42531
52341
25341
35241
53241
23541
32541
